--------Page 1-----------
0 3
1 4
2 4
3 5
4 6
5 7
6 8
------------------------
--------Page 2-----------
7 4
8 5
9 6
10 8
------------------------
--------Page 3-----------
11 2
12 3
13 4
14 6
15 7
16 8
17 9
18 11
19 13
20 14
21 15
------------------------
--------Page 4-----------
22 2
23 3
24 5
25 8
26 9
27 12
28 14
29 15
------------------------
--------Page 5-----------
30 4
31 9
32 11
33 13
34 15
------------------------
--------Page 6-----------
35 3
36 5
37 6
38 9
39 10
40 12
41 14
42 15
------------------------
--------Page 7-----------
43 2
44 3
45 5
46 7
47 8
48 9
49 10
50 11
51 12
52 14
53 15
------------------------
--------Page 8-----------
54 3
55 4
56 5
57 6
58 7
59 11
60 12
61 13
62 15
------------------------
--------Page 9-----------
63 3
64 5
65 8
66 15
------------------------
--------Page 10-----------
67 3
68 5
69 7
70 8
71 9
72 11
73 14
74 15
------------------------
--------Page 11-----------
75 2
76 4
77 5
78 7
79 10
80 13
81 15
------------------------
--------Page 12-----------
82 1
83 3
84 5
85 8
86 10
87 11
88 15
------------------------
--------Page 13-----------
89 2
90 9
91 10
92 14
93 15
------------------------
--------Page 14-----------
94 3
95 6
96 10
97 11
98 15
------------------------
--------Page 15-----------
99 2
100 3
101 6
102 8
103 10
104 11
105 13
106 15
------------------------
--------Page 16-----------
107 9
108 10
109 12
110 15
------------------------
--------Page 17-----------
111 2
112 4
113 6
114 10
115 12
116 14
117 15
------------------------
--------Page 18-----------
118 4
119 7
120 8
121 10
122 11
123 14
124 15
------------------------
--------Page 19-----------
125 3
126 5
127 6
128 8
129 10
130 12
131 15
------------------------
--------Page 20-----------
132 2
133 4
134 6
135 8
136 9
137 11
138 14
139 15
------------------------
--------Page 21-----------
140 2
141 5
142 7
143 9
144 10
145 14
146 15
------------------------
--------Page 22-----------
147 3
148 8
149 12
150 15
------------------------
--------Page 23-----------
151 2
152 3
153 5
154 7
155 11
156 13
157 14
158 15
------------------------
--------Page 24-----------
159 2
160 3
161 4
162 6
163 8
164 10
165 12
166 13
167 14
168 15
------------------------
--------Page 25-----------
169 5
170 8
171 10
172 12
173 14
174 15
------------------------
--------Page 26-----------
175 3
176 4
177 6
178 9
179 12
180 14
181 15
------------------------
--------Page 27-----------
182 7
183 11
184 12
185 14
186 15
------------------------
--------Page 28-----------
187 2
188 4
189 7
190 13
191 15
------------------------
--------Page 29-----------
192 8
193 10
194 14
195 15
------------------------
--------Page 30-----------
196 3
197 4
198 5
199 8
200 9
201 15
------------------------
--------Page 31-----------
202 8
203 9
204 12
205 14
206 15
------------------------
--------Page 32-----------
207 3
208 5
209 7
210 9
211 10
212 12
213 13
214 15
------------------------
--------Page 33-----------
215 2
216 4
217 10
218 13
219 15
------------------------
--------Page 34-----------
220 3
221 10
222 12
223 14
------------------------
--------Page 35-----------
224 3
225 8
226 11
227 14
228 15
------------------------
--------Page 36-----------
229 2
230 3
231 4
232 8
233 13
234 15
------------------------
--------Page 37-----------
235 5
236 9
237 15
------------------------
--------Page 38-----------
238 3
239 9
240 12
241 15
------------------------
--------Page 39-----------
242 2
243 3
244 7
245 8
246 9
247 12
248 13
249 15
------------------------
--------Page 40-----------
250 6
251 11
252 15
------------------------
--------Page 41-----------
253 8
254 10
255 14
256 15
------------------------
--------Page 42-----------
257 6
258 8
259 13
260 15
------------------------
--------Page 43-----------
261 1
262 4
263 8
264 15
------------------------
--------Page 44-----------
265 4
266 7
267 10
268 11
269 15
------------------------
--------Page 45-----------
270 4
271 8
272 12
273 13
274 15
------------------------
--------Page 46-----------
275 2
276 5
277 9
278 13
279 15
------------------------
--------Page 47-----------
280 5
281 6
282 9
283 10
284 12
285 14
286 15
------------------------
--------Page 48-----------
287 15
------------------------
--------Page 49-----------
288 4
289 7
290 10
291 15
------------------------
--------Page 50-----------
292 3
293 4
294 5
295 6
296 7
297 8
298 13
299 14
300 15
------------------------
--------Page 51-----------
301 2
302 4
303 5
304 9
305 12
306 15
------------------------
--------Page 52-----------
307 2
308 3
309 5
310 8
311 11
312 14
313 15
------------------------
--------Page 53-----------
314 2
315 4
316 6
317 8
318 10
319 13
320 15
------------------------
--------Page 54-----------
321 3
322 5
323 6
324 7
325 8
326 9
327 12
328 15
------------------------
--------Page 55-----------
329 2
330 4
331 6
332 8
333 10
334 11
335 13
336 15
------------------------
--------Page 56-----------
337 1
338 3
339 9
340 12
341 13
342 15
------------------------
--------Page 57-----------
343 2
344 2
345 6
346 8
347 9
348 10
349 12
350 12
351 15
------------------------
--------Page 58-----------
352 2
353 2
354 6
355 7
356 10
357 11
358 13
359 14
360 15
------------------------
--------Page 59-----------
361 2
362 4
363 7
364 8
365 11
366 12
367 15
------------------------
--------Page 60-----------
368 4
369 7
370 9
371 13
372 14
373 15
------------------------
--------Page 61-----------
374 4
375 5
376 8
377 9
378 10
379 11
380 13
381 15
------------------------
--------Page 62-----------
382 1
383 2
384 4
385 6
386 7
387 8
388 10
389 12
390 14
391 15
------------------------
--------Page 63-----------
392 2
393 4
394 8
395 9
396 11
397 13
398 14
399 15
------------------------
--------Page 64-----------
400 1
401 5
402 6
403 10
404 12
405 14
406 15
------------------------
--------Page 65-----------
407 2
408 5
409 8
410 12
411 14
412 15
------------------------
--------Page 66-----------
413 2
414 3
415 5
416 6
417 8
418 9
419 11
420 12
421 14
422 15
423 15
------------------------
--------Page 67-----------
424 2
425 4
426 7
427 9
428 10
429 11
430 12
431 15
------------------------
--------Page 68-----------
432 1
433 3
434 4
435 7
436 10
437 12
438 14
439 15
------------------------
--------Page 69-----------
440 2
441 3
442 6
443 11
444 15
------------------------
--------Page 70-----------
445 8
446 10
447 14
448 15
------------------------
--------Page 71-----------
449 1
450 4
451 6
452 8
453 9
454 10
455 13
456 15
------------------------
--------Page 72-----------
457 1
458 5
459 7
460 8
461 10
462 12
463 13
464 15
------------------------
--------Page 73-----------
465 2
466 3
467 6
468 7
469 9
470 12
471 15
------------------------
--------Page 74-----------
472 3
473 4
474 7
475 9
476 12
477 15
------------------------
--------Page 75-----------
478 3
479 5
480 6
481 8
482 10
483 12
484 14
485 15
------------------------
--------Page 76-----------
486 6
487 7
488 7
489 10
490 14
491 15
------------------------
--------Page 77-----------
492 5
493 6
494 9
495 10
496 12
497 15
------------------------
--------Page 78-----------
498 3
499 4
500 6
501 8
502 15
------------------------
--------Page 79-----------
503 11
504 13
505 15
------------------------
--------Page 80-----------
506 3
507 5
508 8
509 11
510 15
------------------------
--------Page 81-----------
511 3
512 4
513 7
514 15
------------------------
--------Page 82-----------
515 6
516 13
517 15
------------------------
--------Page 83-----------
518 2
519 3
520 6
521 8
522 9
523 13
524 15
------------------------
--------Page 84-----------
525 6
526 9
527 13
528 15
------------------------
--------Page 85-----------
529 3
530 4
531 6
532 7
533 9
534 14
------------------------
--------Page 86-----------
535 1
536 6
537 9
538 10
539 12
540 13
541 15
------------------------
--------Page 87-----------
542 1
543 2
544 4
545 5
546 8
547 10
548 13
549 15
------------------------
--------Page 88-----------
550 4
551 6
552 8
553 10
554 13
555 15
------------------------
--------Page 89-----------
556 3
557 4
558 4
559 7
560 8
561 9
562 11
563 13
564 15
------------------------
--------Page 90-----------
565 3
566 6
567 10
568 14
569 15
------------------------
--------Page 91-----------
570 2
571 4
572 6
573 9
574 12
575 14
576 15
------------------------
--------Page 92-----------
577 2
578 4
579 7
580 11
581 15
------------------------
--------Page 93-----------
582 8
583 10
584 15
------------------------
--------Page 94-----------
585 4
586 5
587 8
588 9
589 10
590 13
591 15
------------------------
--------Page 95-----------
592 8
593 11
594 14
595 15
------------------------
--------Page 96-----------
596 1
597 3
598 5
599 7
600 9
601 10
602 11
603 15
------------------------
--------Page 97-----------
604 3
605 6
606 8
607 9
608 10
609 13
610 14
611 15
------------------------
--------Page 98-----------
612 3
613 5
614 7
615 9
616 11
617 15
------------------------
--------Page 99-----------
618 4
619 7
620 8
621 11
622 12
623 14
624 15
------------------------
--------Page 100-----------
625 4
626 8
627 10
628 10
629 12
630 15
------------------------
--------Page 101-----------
631 5
632 7
633 8
634 10
635 11
636 14
637 15
------------------------
--------Page 102-----------
638 2
639 3
640 6
641 7
642 9
643 13
644 15
------------------------
--------Page 103-----------
645 3
646 4
647 7
648 7
649 9
650 11
651 12
652 15
------------------------
--------Page 104-----------
653 4
654 6
655 7
656 9
657 10
658 12
659 13
660 15
------------------------
--------Page 105-----------
661 6
662 9
663 12
664 13
665 15
------------------------
--------Page 106-----------
666 5
667 8
668 10
669 15
------------------------
--------Page 107-----------
670 7
671 10
672 15
------------------------
--------Page 108-----------
673 8
674 11
675 14
676 15
------------------------
--------Page 109-----------
677 2
678 5
679 11
680 15
------------------------
--------Page 110-----------
681 4
682 6
683 7
684 10
685 15
------------------------
--------Page 111-----------
686 4
687 7
688 9
689 11
690 13
691 15
------------------------
--------Page 112-----------
692 2
693 4
694 5
695 8
696 10
697 11
698 12
699 15
------------------------
--------Page 113-----------
700 5
701 9
702 11
703 13
704 15
------------------------
--------Page 114-----------
705 2
706 4
707 5
708 7
709 15
------------------------
--------Page 115-----------
710 4
711 6
712 11
713 15
------------------------
--------Page 116-----------
714 3
715 5
716 11
717 14
718 15
------------------------
--------Page 117-----------
719 3
720 5
721 7
722 11
723 12
724 13
725 15
------------------------
--------Page 118-----------
726 2
727 3
728 6
729 7
730 9
731 11
732 15
------------------------
--------Page 119-----------
733 2
734 5
735 8
736 11
737 13
738 15
------------------------
--------Page 120-----------
739 2
740 6
741 8
742 9
743 12
744 13
745 15
------------------------
--------Page 121-----------
746 3
747 4
748 7
749 9
750 13
751 15
------------------------
--------Page 122-----------
752 2
753 4
754 5
755 7
756 8
757 13
758 15
------------------------
--------Page 123-----------
759 3
760 5
761 8
762 10
763 15
------------------------
--------Page 124-----------
764 3
765 6
766 7
767 8
768 10
769 12
770 13
771 15
------------------------
--------Page 125-----------
772 3
773 5
774 10
775 13
776 15
------------------------
--------Page 126-----------
777 2
778 10
779 11
780 14
781 15
------------------------
--------Page 127-----------
782 3
783 4
784 8
785 11
786 12
787 14
788 15
------------------------
--------Page 128-----------
789 4
790 4
791 6
792 7
793 8
794 9
795 13
796 14
797 15
------------------------
--------Page 129-----------
798 2
799 3
800 4
801 7
802 8
803 11
804 12
805 13
806 14
807 15
------------------------
--------Page 130-----------
808 4
809 5
810 6
811 7
812 8
813 9
814 13
815 14
816 15
------------------------
--------Page 131-----------
817 2
818 3
819 4
820 7
821 8
822 10
823 12
824 15
------------------------
--------Page 132-----------
825 2
826 3
827 5
828 7
829 9
830 10
831 12
832 13
833 15
------------------------
--------Page 133-----------
834 1
835 4
836 5
837 7
838 8
839 11
840 12
841 15
------------------------
--------Page 134-----------
842 2
843 5
844 6
845 8
846 11
847 12
848 15
------------------------
--------Page 135-----------
849 3
850 5
851 6
852 8
853 9
854 11
855 13
856 15
------------------------
--------Page 136-----------
857 2
858 7
859 11
860 12
861 14
862 15
------------------------
--------Page 137-----------
863 2
864 4
865 5
866 7
867 8
868 10
869 13
870 15
------------------------
--------Page 138-----------
871 2
872 3
873 6
874 7
875 9
876 10
877 12
878 14
879 15
------------------------
--------Page 139-----------
880 5
881 7
882 12
883 15
------------------------
--------Page 140-----------
884 2
885 4
886 5
887 7
888 12
889 13
890 15
------------------------
--------Page 141-----------
891 2
892 3
893 5
894 6
895 7
896 9
897 11
898 14
899 15
------------------------
--------Page 142-----------
900 3
901 6
902 7
903 10
904 11
905 13
906 14
907 15
------------------------
--------Page 143-----------
908 3
909 5
910 7
911 10
912 12
913 15
------------------------
--------Page 144-----------
914 4
915 5
916 6
917 10
918 11
919 15
------------------------
--------Page 145-----------
920 2
921 3
922 5
923 6
924 8
925 12
926 15
------------------------
--------Page 146-----------
927 4
928 7
929 9
930 13
931 15
------------------------
--------Page 147-----------
932 3
933 8
934 12
935 15
------------------------
--------Page 148-----------
936 2
937 6
938 7
939 10
940 15
------------------------
--------Page 149-----------
941 4
942 7
943 9
944 10
945 11
946 15
------------------------
--------Page 150-----------
947 4
948 5
949 7
950 8
951 9
952 10
953 10
954 13
955 15
------------------------
--------Page 151-----------
956 4
957 5
958 7
959 8
960 9
961 9
962 11
963 12
964 13
965 15
------------------------
--------Page 152-----------
966 2
967 3
968 3
969 4
970 5
971 6
972 8
973 9
974 12
975 12
976 15
------------------------
--------Page 153-----------
977 2
978 3
979 4
980 6
981 9
982 11
983 15
------------------------
--------Page 154-----------
984 2
985 5
986 7
987 8
988 10
989 12
990 15
------------------------
--------Page 155-----------
991 4
992 4
993 6
994 9
995 10
996 12
997 15
------------------------
--------Page 156-----------
998 3
999 4
1000 6
1001 8
1002 9
1003 11
1004 13
1005 15
------------------------
--------Page 157-----------
1006 2
1007 6
1008 9
1009 10
1010 12
1011 15
------------------------
--------Page 158-----------
1012 2
1013 4
1014 5
1015 6
1016 8
1017 9
1018 11
1019 13
1020 14
1021 15
------------------------
--------Page 159-----------
1022 1
1023 4
1024 6
1025 10
1026 12
1027 15
------------------------
--------Page 160-----------
1028 4
1029 7
1030 8
1031 10
1032 11
1033 12
1034 14
1035 15
------------------------
--------Page 161-----------
1036 2
1037 3
1038 4
1039 9
1040 13
1041 15
------------------------
--------Page 162-----------
1042 3
1043 6
1044 7
1045 8
1046 10
1047 12
1048 13
1049 15
------------------------
--------Page 163-----------
1050 3
1051 4
1052 5
1053 6
1054 8
1055 11
1056 12
1057 14
1058 15
------------------------
--------Page 164-----------
1059 2
1060 3
1061 4
1062 5
1063 6
1064 6
1065 7
1066 8
1067 9
1068 10
1069 11
1070 12
1071 13
1072 14
1073 15
1074 15
------------------------
--------Page 165-----------
1075 1
1076 1
1077 3
1078 5
1079 5
1080 7
1081 9
1082 11
1083 14
1084 15
------------------------
--------Page 166-----------
1085 3
1086 4
1087 6
1088 9
1089 10
1090 12
1091 14
1092 15
------------------------
--------Page 167-----------
1093 3
1094 4
1095 5
1096 8
1097 11
1098 15
------------------------
--------Page 168-----------
1099 2
1100 5
1101 9
1102 11
1103 13
1104 15
------------------------
--------Page 169-----------
1105 5
1106 6
1107 8
1108 9
1109 11
1110 15
------------------------
--------Page 170-----------
1111 4
1112 10
1113 14
1114 15
------------------------
--------Page 171-----------
1115 6
1116 9
1117 12
1118 15
------------------------
--------Page 172-----------
1119 2
1120 4
1121 5
1122 7
1123 10
1124 14
1125 15
------------------------
--------Page 173-----------
1126 2
1127 5
1128 7
1129 8
1130 9
1131 13
1132 14
1133 15
------------------------
--------Page 174-----------
1134 3
1135 5
1136 6
1137 7
1138 7
1139 8
1140 11
1141 12
1142 15
------------------------
--------Page 175-----------
1143 3
1144 6
1145 8
1146 8
1147 9
1148 11
1149 13
1150 15
------------------------
--------Page 176-----------
1151 1
1152 3
1153 4
1154 5
1155 6
1156 8
1157 9
1158 11
1159 12
1160 14
1161 15
------------------------
--------Page 177-----------
1162 5
1163 7
1164 8
1165 9
1166 10
1167 12
1168 14
1169 15
------------------------
--------Page 178-----------
1170 2
1171 4
1172 6
1173 9
1174 11
1175 12
1176 13
1177 15
------------------------
--------Page 179-----------
1178 3
1179 4
1180 6
1181 8
1182 9
1183 10
1184 11
1185 14
1186 15
------------------------
--------Page 180-----------
1187 3
1188 4
1189 6
1190 8
1191 10
1192 12
1193 14
1194 15
------------------------
--------Page 181-----------
1195 3
1196 5
1197 8
1198 10
1199 12
1200 14
1201 15
------------------------
--------Page 182-----------
1202 4
1203 7
1204 9
1205 11
1206 14
1207 15
------------------------
--------Page 183-----------
1208 2
1209 4
1210 8
1211 10
1212 12
1213 13
1214 15
------------------------
--------Page 184-----------
1215 2
1216 4
1217 5
1218 7
1219 8
1220 9
1221 10
1222 14
1223 15
------------------------
--------Page 185-----------
1224 2
1225 4
1226 5
1227 8
1228 11
1229 13
1230 14
1231 15
------------------------
--------Page 186-----------
1232 3
1233 4
1234 9
1235 11
1236 13
1237 15
------------------------
--------Page 187-----------
1238 2
1239 4
1240 7
1241 10
1242 13
1243 15
------------------------
--------Page 188-----------
1244 3
1245 6
1246 7
1247 8
1248 10
1249 13
1250 15
------------------------
--------Page 189-----------
1251 2
1252 3
1253 6
1254 8
1255 11
1256 14
1257 15
------------------------
--------Page 190-----------
1258 2
1259 3
1260 5
1261 10
1262 13
1263 15
------------------------
--------Page 191-----------
1264 2
1265 5
1266 9
1267 12
1268 15
------------------------
--------Page 192-----------
1269 2
1270 4
1271 8
1272 11
1273 15
------------------------
--------Page 193-----------
1274 4
1275 8
1276 10
1277 15
------------------------
--------Page 194-----------
1278 2
1279 6
1280 8
1281 9
1282 11
1283 13
1284 15
------------------------
--------Page 195-----------
1285 2
1286 4
1287 6
1288 8
1289 11
1290 12
1291 15
------------------------
--------Page 196-----------
1292 2
1293 4
1294 5
1295 7
1296 9
1297 12
1298 15
------------------------
--------Page 197-----------
1299 2
1300 4
1301 6
1302 8
1303 10
1304 13
1305 15
------------------------
--------Page 198-----------
1306 5
1307 6
1308 9
1309 12
1310 15
------------------------
--------Page 199-----------
1311 2
1312 7
1313 8
1314 10
1315 11
1316 13
1317 15
------------------------
--------Page 200-----------
1318 3
1319 6
1320 7
1321 10
1322 11
1323 13
1324 15
------------------------
--------Page 201-----------
1325 2
1326 4
1327 5
1328 8
1329 10
1330 13
1331 15
------------------------
--------Page 202-----------
1332 4
1333 7
1334 8
1335 10
1336 12
1337 15
------------------------
--------Page 203-----------
1338 4
1339 7
1340 9
1341 10
1342 12
1343 14
1344 15
------------------------
--------Page 204-----------
1345 4
1346 6
1347 9
1348 10
1349 15
------------------------
--------Page 205-----------
1350 4
1351 6
1352 9
1353 11
1354 12
1355 15
------------------------
--------Page 206-----------
1356 4
1357 5
1358 10
1359 13
1360 15
------------------------
--------Page 207-----------
1361 3
1362 5
1363 7
1364 9
1365 12
1366 14
1367 15
------------------------
--------Page 208-----------
1368 3
1369 6
1370 8
1371 11
1372 14
1373 15
------------------------
--------Page 209-----------
1374 2
1375 3
1376 5
1377 7
1378 9
1379 12
1380 14
1381 15
------------------------
--------Page 210-----------
1382 4
1383 6
1384 8
1385 11
1386 13
1387 15
------------------------
--------Page 211-----------
1388 2
1389 7
1390 9
1391 14
1392 15
------------------------
--------Page 212-----------
1393 2
1394 5
1395 7
1396 8
1397 10
1398 13
1399 14
1400 15
------------------------
--------Page 213-----------
1401 2
1402 4
1403 6
1404 8
1405 9
1406 11
1407 13
1408 14
1409 15
------------------------
--------Page 214-----------
1410 1
1411 3
1412 5
1413 6
1414 8
1415 8
1416 10
1417 12
1418 13
1419 14
1420 15
------------------------
--------Page 215-----------
1421 3
1422 4
1423 5
1424 6
1425 8
1426 10
1427 12
1428 15
------------------------
--------Page 216-----------
1429 1
1430 2
1431 4
1432 5
1433 8
1434 10
1435 13
1436 14
1437 15
------------------------
--------Page 217-----------
1438 4
1439 5
1440 7
1441 10
1442 11
1443 12
1444 14
1445 15
------------------------
--------Page 218-----------
1446 1
1447 2
1448 4
1449 5
1450 7
1451 8
1452 9
1453 10
1454 12
1455 15
------------------------
--------Page 219-----------
1456 2
1457 5
1458 6
1459 7
1460 10
1461 12
1462 13
1463 14
1464 15
------------------------
--------Page 220-----------
1465 3
1466 4
1467 6
1468 7
1469 9
1470 10
1471 13
1472 14
1473 15
------------------------
--------Page 221-----------
1474 3
1475 5
1476 6
1477 9
1478 10
1479 13
1480 13
1481 15
------------------------
--------Page 222-----------
1482 2
1483 6
1484 8
1485 10
1486 11
1487 13
1488 15
------------------------
--------Page 223-----------
1489 2
1490 4
1491 6
1492 7
1493 11
1494 14
1495 15
------------------------
--------Page 224-----------
1496 3
1497 4
1498 5
1499 7
1500 8
1501 9
1502 10
1503 13
1504 15
------------------------
--------Page 225-----------
1505 3
1506 4
1507 7
1508 8
1509 9
1510 11
1511 12
1512 14
1513 15
------------------------
--------Page 226-----------
1514 2
1515 4
1516 6
1517 7
1518 9
1519 12
1520 14
1521 15
------------------------
--------Page 227-----------
1522 2
1523 4
1524 6
1525 8
1526 10
1527 11
1528 14
1529 15
------------------------
--------Page 228-----------
1530 3
1531 4
1532 6
1533 8
1534 9
1535 11
1536 13
1537 15
------------------------
--------Page 229-----------
1538 3
1539 5
1540 6
1541 8
1542 9
1543 11
1544 12
1545 14
1546 15
------------------------
--------Page 230-----------
1547 2
1548 3
1549 4
1550 5
1551 6
1552 8
1553 10
1554 11
1555 12
1556 15
------------------------
--------Page 231-----------
1557 2
1558 3
1559 6
1560 8
1561 9
1562 10
1563 12
1564 15
------------------------
--------Page 232-----------
1565 3
1566 4
1567 6
1568 8
1569 10
1570 12
1571 13
1572 14
1573 15
------------------------
--------Page 233-----------
1574 2
1575 3
1576 4
1577 6
1578 8
1579 9
1580 10
1581 11
1582 12
1583 13
1584 15
------------------------
--------Page 234-----------
1585 2
1586 4
1587 6
1588 7
1589 9
1590 11
1591 11
1592 14
1593 15
------------------------
--------Page 235-----------
1594 3
1595 5
1596 6
1597 6
1598 8
1599 11
1600 12
1601 14
1602 15
------------------------
--------Page 236-----------
1603 2
1604 5
1605 6
1606 7
1607 9
1608 11
1609 12
1610 13
1611 14
1612 15
------------------------
--------Page 237-----------
1613 2
1614 3
1615 5
1616 7
1617 9
1618 10
1619 14
1620 15
------------------------
--------Page 238-----------
1621 3
1622 5
1623 8
1624 10
1625 11
1626 12
1627 13
1628 15
------------------------
--------Page 239-----------
1629 4
1630 6
1631 7
1632 9
1633 10
1634 13
1635 15
------------------------
--------Page 240-----------
1636 3
1637 4
1638 8
1639 10
1640 12
1641 15
------------------------
--------Page 241-----------
1642 1
1643 3
1644 5
1645 7
1646 8
1647 9
1648 11
1649 14
1650 15
------------------------
--------Page 242-----------
1651 2
1652 3
1653 4
1654 6
1655 7
1656 8
1657 10
1658 11
1659 12
1660 13
1661 15
------------------------
--------Page 243-----------
1662 2
1663 5
1664 8
1665 11
1666 14
1667 15
------------------------
--------Page 244-----------
1668 2
1669 3
1670 4
1671 5
1672 6
1673 7
1674 11
1675 14
1676 15
------------------------
--------Page 245-----------
1677 2
1678 5
1679 7
1680 9
1681 11
1682 12
1683 14
1684 15
------------------------
--------Page 246-----------
1685 3
1686 5
1687 7
1688 9
1689 10
1690 11
1691 13
1692 15
1693 15
------------------------
--------Page 247-----------
1694 2
1695 3
1696 4
1697 6
1698 10
1699 13
1700 15
1701 15
------------------------
--------Page 248-----------
1702 1
1703 3
1704 4
1705 5
1706 7
1707 10
1708 13
1709 15
------------------------
--------Page 249-----------
1710 4
1711 7
1712 9
1713 12
1714 13
1715 15
------------------------
--------Page 250-----------
1716 3
1717 5
1718 6
1719 7
1720 9
1721 12
1722 13
1723 15
------------------------
--------Page 251-----------
1724 3
1725 4
1726 7
1727 8
1728 13
1729 15
------------------------
--------Page 252-----------
1730 2
1731 2
1732 4
1733 6
1734 8
1735 11
1736 13
1737 14
1738 15
------------------------
--------Page 253-----------
1739 1
1740 4
1741 9
1742 11
1743 14
1744 15
------------------------
--------Page 254-----------
1745 3
1746 5
1747 7
1748 9
1749 10
1750 12
1751 14
1752 15
------------------------
--------Page 255-----------
1753 2
1754 6
1755 6
1756 8
1757 10
1758 13
1759 14
1760 15
------------------------
--------Page 256-----------
1761 4
1762 6
1763 7
1764 8
1765 11
1766 15
------------------------
--------Page 257-----------
1767 3
1768 5
1769 8
1770 9
1771 10
1772 11
1773 13
1774 15
------------------------
--------Page 258-----------
1775 2
1776 2
1777 6
1778 12
1779 14
------------------------
--------Page 259-----------
1780 2
1781 4
1782 6
1783 7
1784 8
1785 9
1786 11
1787 14
1788 15
------------------------
--------Page 260-----------
1789 2
1790 4
1791 5
1792 8
1793 10
1794 12
1795 13
1796 14
1797 15
------------------------
--------Page 261-----------
1798 2
1799 5
1800 7
1801 8
1802 10
1803 11
1804 12
1805 13
1806 14
1807 15
------------------------
--------Page 262-----------
1808 3
1809 4
1810 5
1811 6
1812 7
1813 8
1814 9
1815 10
1816 10
1817 11
1818 12
1819 13
1820 13
1821 14
1822 15
------------------------
--------Page 263-----------
1823 1
1824 2
1825 3
1826 4
1827 5
1828 6
1829 8
1830 8
1831 9
1832 10
1833 11
1834 12
1835 13
1836 14
1837 15
1838 15
------------------------
--------Page 264-----------
1839 1
1840 2
1841 3
1842 4
1843 4
1844 5
1845 5
1846 6
1847 7
1848 8
1849 9
1850 9
1851 10
1852 11
1853 11
1854 12
1855 13
1856 14
1857 15
1858 15
------------------------
--------Page 265-----------
1859 1
1860 2
1861 3
1862 4
1863 5
1864 5
1865 6
1866 7
1867 8
1868 8
1869 9
1870 10
1871 10
1872 12
1873 13
1874 14
1875 14
1876 15
1877 15
------------------------
--------Page 266-----------
1878 1
1879 2
1880 2
1881 3
1882 4
1883 4
1884 5
1885 5
1886 6
1887 7
1888 7
1889 8
1890 9
1891 9
1892 11
1893 12
1894 13
1895 14
1896 15
1897 15
------------------------
--------Page 267-----------
1898 1
1899 2
1900 2
1901 3
1902 3
1903 4
1904 5
1905 6
1906 6
1907 9
1908 11
1909 12
1910 13
1911 14
1912 15
------------------------
--------Page 268-----------
1913 2
1914 3
1915 5
1916 6
1917 8
1918 11
1919 12
1920 15
------------------------
--------Page 269-----------
1921 2
1922 2
1923 3
1924 4
1925 5
1926 6
1927 7
1928 9
1929 10
1930 11
1931 13
1932 15
------------------------
--------Page 270-----------
1933 3
1934 5
1935 6
1936 8
1937 10
1938 12
1939 14
1940 15
------------------------
--------Page 271-----------
1941 3
1942 7
1943 8
1944 10
1945 12
1946 13
1947 15
1948 15
------------------------
--------Page 272-----------
1949 2
1950 3
1951 5
1952 6
1953 7
1954 8
1955 10
1956 11
1957 12
1958 13
1959 14
1960 15
------------------------
--------Page 273-----------
1961 1
1962 3
1963 3
1964 4
1965 6
1966 7
1967 10
1968 12
1969 14
1970 15
------------------------
--------Page 274-----------
1971 2
1972 3
1973 5
1974 6
1975 9
1976 10
1977 13
1978 15
------------------------
--------Page 275-----------
1979 2
1980 3
1981 6
1982 9
1983 11
1984 14
1985 15
------------------------
--------Page 276-----------
1986 3
1987 7
1988 8
1989 9
1990 10
1991 12
1992 14
1993 15
------------------------
--------Page 277-----------
1994 2
1995 5
1996 7
1997 10
1998 13
1999 15
------------------------
--------Page 278-----------
2000 3
2001 4
2002 6
2003 8
2004 9
2005 11
2006 12
2007 14
2008 15
------------------------
--------Page 279-----------
2009 2
2010 4
2011 5
2012 8
2013 10
2014 12
2015 13
2016 15
------------------------
--------Page 280-----------
2017 2
2018 5
2019 6
2020 8
2021 11
2022 13
2023 14
2024 15
------------------------
--------Page 281-----------
2025 2
2026 3
2027 4
2028 5
2029 7
2030 9
2031 11
2032 13
2033 14
2034 15
------------------------
--------Page 282-----------
2035 5
2036 6
2037 7
2038 9
2039 11
2040 12
2041 15
------------------------
--------Page 283-----------
2042 2
2043 3
2044 4
2045 5
2046 8
2047 10
2048 10
2049 13
2050 14
2051 15
------------------------
--------Page 284-----------
2052 2
2053 4
2054 5
2055 7
2056 8
2057 10
2058 12
2059 13
2060 14
2061 15
------------------------
--------Page 285-----------
2062 2
2063 3
2064 4
2065 6
2066 7
2067 9
2068 11
2069 12
2070 13
2071 15
2072 15
------------------------
--------Page 286-----------
2073 2
2074 3
2075 4
2076 5
2077 6
2078 8
2079 10
2080 11
2081 13
2082 14
2083 15
------------------------
--------Page 287-----------
2084 1
2085 4
2086 5
2087 7
2088 8
2089 10
2090 11
2091 14
2092 15
------------------------
--------Page 288-----------
2093 3
2094 5
2095 7
2096 9
2097 10
2098 13
2099 14
2100 15
------------------------
--------Page 289-----------
2101 2
2102 4
2103 6
2104 8
2105 10
2106 11
2107 13
2108 14
2109 15
------------------------
--------Page 290-----------
2110 2
2111 3
2112 5
2113 6
2114 8
2115 9
2116 10
2117 12
2118 13
2119 14
2120 15
------------------------
--------Page 291-----------
2121 1
2122 3
2123 5
2124 6
2125 7
2126 9
2127 11
2128 13
2129 14
2130 15
------------------------
--------Page 292-----------
2131 3
2132 5
2133 7
2134 9
2135 11
2136 13
2137 14
2138 15
------------------------
--------Page 293-----------
2139 1
2140 2
2141 5
2142 6
2143 8
2144 9
2145 12
2146 14
2147 15
2148 15
------------------------
--------Page 294-----------
2149 2
2150 3
2151 4
2152 5
2153 6
2154 8
2155 9
2156 10
2157 11
2158 13
2159 15
------------------------
--------Page 295-----------
2160 2
2161 6
2162 9
2163 14
2164 15
------------------------
--------Page 296-----------
2165 4
2166 8
2167 9
2168 10
2169 11
2170 14
2171 15
------------------------
--------Page 297-----------
2172 4
2173 7
2174 8
2175 11
2176 14
2177 15
------------------------
--------Page 298-----------
2178 2
2179 3
2180 4
2181 5
2182 7
2183 8
2184 9
2185 11
2186 12
2187 13
2188 15
------------------------
--------Page 299-----------
2189 2
2190 3
2191 5
2192 8
2193 11
2194 12
2195 14
2196 15
------------------------
--------Page 300-----------
2197 2
2198 4
2199 6
2200 10
2201 12
2202 13
2203 14
2204 15
------------------------
--------Page 301-----------
2205 2
2206 4
2207 5
2208 6
2209 7
2210 8
2211 8
2212 9
2213 10
2214 12
2215 13
2216 14
2217 15
------------------------
--------Page 302-----------
2218 1
2219 3
2220 5
2221 6
2222 8
2223 10
2224 11
2225 14
2226 15
------------------------
--------Page 303-----------
2227 3
2228 4
2229 5
2230 6
2231 8
2232 8
2233 10
2234 12
2235 13
2236 15
2237 15
------------------------
--------Page 304-----------
2238 2
2239 3
2240 3
2241 4
2242 6
2243 8
2244 9
2245 10
2246 11
2247 12
2248 13
2249 15
------------------------
--------Page 305-----------
2250 3
2251 4
2252 5
2253 7
2254 8
2255 9
2256 11
2257 13
2258 14
2259 15
------------------------
--------Page 306-----------
2260 1
2261 2
2262 3
2263 4
2264 5
2265 6
2266 7
2267 8
2268 9
2269 11
2270 12
2271 13
2272 14
2273 15
------------------------
--------Page 307-----------
2274 2
2275 3
2276 5
2277 6
2278 7
2279 8
2280 9
2281 10
2282 11
2283 12
2284 13
2285 14
2286 15
------------------------
--------Page 308-----------
2287 2
2288 2
2289 3
2290 4
2291 6
2292 7
2293 8
2294 9
2295 10
2296 12
2297 13
2298 14
2299 15
------------------------
--------Page 309-----------
2300 1
2301 2
2302 3
2303 4
2304 5
2305 5
2306 8
2307 9
2308 11
2309 12
2310 13
2311 14
2312 15
------------------------
--------Page 310-----------
2313 2
2314 3
2315 4
2316 5
2317 6
2318 7
2319 8
2320 9
2321 10
2322 11
2323 12
2324 14
2325 15
------------------------
--------Page 311-----------
2326 1
2327 2
2328 3
2329 4
2330 5
2331 6
2332 7
2333 7
2334 8
2335 9
2336 10
2337 10
2338 11
2339 12
2340 12
2341 13
2342 14
2343 15
2344 15
------------------------
--------Page 312-----------
2345 2
2346 3
2347 4
2348 7
2349 8
2350 8
2351 9
2352 10
2353 11
2354 12
2355 12
2356 14
2357 14
2358 15
------------------------
--------Page 313-----------
2359 1
2360 2
2361 3
2362 4
2363 5
2364 6
2365 7
2366 7
2367 8
2368 9
2369 10
2370 10
2371 11
2372 11
2373 12
2374 12
2375 12
2376 13
2377 13
2378 13
2379 14
2380 14
2381 14
2382 15
2383 15
------------------------
--------Page 314-----------
2384 1
2385 3
2386 3
2387 6
2388 8
2389 8
2390 9
2391 10
2392 10
2393 13
2394 14
2395 14
2396 15
2397 15
------------------------
--------Page 315-----------
2398 1
2399 3
2400 4
2401 5
2402 6
2403 7
2404 9
2405 9
2406 10
2407 12
2408 13
2409 14
2410 15
------------------------
--------Page 316-----------
2411 1
2412 3
2413 3
2414 4
2415 5
2416 6
2417 9
2418 11
2419 12
2420 13
2421 14
2422 15
------------------------
--------Page 317-----------
2423 2
2424 4
2425 5
2426 7
2427 8
2428 9
2429 10
2430 11
2431 11
2432 14
2433 15
------------------------
--------Page 318-----------
2434 2
2435 3
2436 5
2437 6
2438 7
2439 9
2440 9
2441 11
2442 14
2443 15
------------------------
--------Page 319-----------
2444 2
2445 2
2446 3
2447 4
2448 5
2449 6
2450 7
2451 8
2452 9
2453 11
2454 12
2455 13
2456 14
2457 15
------------------------
--------Page 320-----------
2458 2
2459 3
2460 4
2461 6
2462 6
2463 7
2464 9
2465 11
2466 11
2467 12
2468 13
2469 15
2470 15
------------------------
--------Page 321-----------
2471 1
2472 3
2473 4
2474 5
2475 8
2476 9
2477 9
2478 11
2479 12
2480 14
2481 15
------------------------
--------Page 322-----------
2482 3
2483 5
2484 7
2485 8
2486 9
2487 10
2488 12
2489 13
2490 14
2491 15
------------------------
--------Page 323-----------
2492 2
2493 2
2494 4
2495 4
2496 5
2497 6
2498 7
2499 8
2500 10
2501 11
2502 11
2503 13
2504 13
2505 15
------------------------
--------Page 324-----------
2506 2
2507 3
2508 4
2509 5
2510 7
2511 9
2512 11
2513 12
2514 13
2515 14
2516 15
------------------------
--------Page 325-----------
2517 3
2518 4
2519 5
2520 7
2521 8
2522 10
2523 11
2524 13
2525 15
------------------------
--------Page 326-----------
2526 2
2527 3
2528 5
2529 7
2530 8
2531 9
2532 10
2533 11
2534 11
2535 12
2536 13
2537 14
2538 15
------------------------
--------Page 327-----------
2539 1
2540 2
2541 3
2542 4
2543 5
2544 6
2545 7
2546 8
2547 11
2548 12
2549 12
2550 13
2551 14
2552 15
------------------------
--------Page 328-----------
2553 3
2554 5
2555 5
2556 7
2557 9
2558 10
2559 12
2560 14
2561 15
------------------------
--------Page 329-----------
2562 2
2563 3
2564 5
2565 6
2566 7
2567 10
2568 11
2569 12
2570 15
------------------------
--------Page 330-----------
2571 2
2572 3
2573 4
2574 6
2575 7
2576 8
2577 11
2578 12
2579 13
2580 14
2581 15
------------------------
--------Page 331-----------
2582 2
2583 3
2584 6
2585 7
2586 8
2587 9
2588 10
2589 12
2590 13
2591 14
2592 15
------------------------
--------Page 332-----------
2593 3
2594 6
2595 7
2596 8
2597 15
------------------------
--------Page 333-----------
2598 2
2599 3
2600 4
2601 5
2602 6
2603 9
2604 10
2605 11
2606 13
2607 15
------------------------
--------Page 334-----------
2608 1
2609 4
2610 8
2611 11
2612 13
2613 15
------------------------
--------Page 335-----------
2614 1
2615 4
2616 7
2617 8
2618 11
2619 12
2620 15
------------------------
--------Page 336-----------
2621 2
2622 3
2623 5
2624 7
2625 9
2626 12
2627 14
2628 15
------------------------
--------Page 337-----------
2629 2
2630 6
2631 8
2632 9
2633 10
2634 11
2635 13
2636 15
------------------------
--------Page 338-----------
2637 2
2638 3
2639 4
2640 5
2641 7
2642 9
2643 11
2644 14
2645 15
------------------------
--------Page 339-----------
2646 2
2647 4
2648 6
2649 7
2650 9
2651 11
2652 12
2653 14
2654 15
------------------------
--------Page 340-----------
2655 3
2656 4
2657 6
2658 7
2659 8
2660 10
2661 12
2662 15
------------------------
--------Page 341-----------
2663 4
2664 5
2665 6
2666 7
2667 9
2668 15
------------------------
--------Page 342-----------
2669 3
2670 3
2671 4
2672 5
2673 5
2674 6
2675 7
2676 8
2677 8
2678 9
2679 9
2680 10
2681 11
2682 13
2683 14
2684 14
2685 15
------------------------
--------Page 343-----------
2686 2
2687 3
2688 4
2689 6
2690 6
2691 8
2692 11
2693 11
2694 12
2695 15
------------------------
--------Page 344-----------
2696 2
2697 3
2698 3
2699 4
2700 5
2701 8
2702 8
2703 9
2704 10
2705 11
2706 12
2707 13
2708 13
2709 15
2710 15
------------------------
--------Page 345-----------
2711 1
2712 3
2713 4
2714 4
2715 5
2716 6
2717 6
2718 7
2719 8
2720 10
2721 11
2722 12
2723 12
2724 13
2725 13
2726 14
2727 15
2728 15
------------------------
--------Page 346-----------
2729 1
2730 2
2731 3
2732 5
2733 6
2734 6
2735 7
2736 8
2737 9
2738 10
2739 11
2740 13
2741 14
2742 14
2743 15
------------------------
--------Page 347-----------
2744 2
2745 3
2746 4
2747 5
2748 6
2749 7
2750 8
2751 9
2752 10
2753 11
2754 12
2755 13
2756 13
2757 15
2758 15
------------------------
--------Page 348-----------
2759 1
2760 3
2761 4
2762 5
2763 5
2764 6
2765 7
2766 8
2767 9
2768 10
2769 11
2770 12
2771 13
2772 15
2773 15
------------------------
--------Page 349-----------
2774 1
2775 2
2776 3
2777 4
2778 6
2779 7
2780 8
2781 9
2782 9
2783 10
2784 11
2785 12
2786 14
2787 15
------------------------
--------Page 350-----------
2788 3
2789 6
2790 7
2791 9
2792 10
2793 12
2794 13
2795 14
2796 15
2797 15
------------------------
--------Page 351-----------
2798 3
2799 4
2800 6
2801 7
2802 9
2803 11
2804 12
2805 12
2806 14
2807 15
------------------------
--------Page 352-----------
2808 4
2809 7
2810 9
2811 10
2812 11
2813 13
2814 15
------------------------
--------Page 353-----------
2815 3
2816 5
2817 6
2818 15
------------------------
--------Page 354-----------
2819 2
2820 7
2821 9
2822 14
------------------------
--------Page 355-----------
2823 2
2824 4
2825 6
2826 9
2827 11
2828 12
------------------------
--------Page 356-----------
2829 1
2830 4
2831 5
2832 7
2833 8
2834 9
2835 10
2836 12
2837 13
2838 15
------------------------
--------Page 357-----------
2839 3
2840 7
2841 9
2842 10
2843 15
------------------------
--------Page 358-----------
2844 3
2845 6
2846 15
------------------------
--------Page 359-----------
2847 5
2848 8
2849 10
2850 13
2851 15
------------------------
--------Page 360-----------
2852 3
2853 5
2854 6
2855 7
2856 9
2857 11
2858 13
2859 14
2860 15
------------------------
--------Page 361-----------
2861 1
2862 2
2863 3
2864 5
2865 6
2866 8
2867 10
2868 12
2869 15
------------------------
--------Page 362-----------
2870 2
2871 4
2872 5
2873 6
2874 7
2875 8
2876 9
2877 10
2878 11
2879 12
2880 14
2881 15
------------------------
--------Page 363-----------
2882 1
2883 3
2884 4
2885 5
2886 7
2887 8
2888 9
2889 11
2890 12
2891 14
2892 15
------------------------
--------Page 364-----------
2893 2
2894 3
2895 4
2896 5
2897 7
2898 8
2899 9
2900 10
2901 11
2902 13
2903 14
2904 15
------------------------
--------Page 365-----------
2905 1
2906 2
2907 4
2908 6
2909 7
2910 9
2911 10
2912 11
2913 12
2914 14
2915 14
2916 15
------------------------
--------Page 366-----------
2917 3
2918 4
2919 6
2920 7
2921 8
2922 10
2923 12
2924 13
2925 14
2926 15
------------------------
--------Page 367-----------
2927 3
2928 4
2929 5
2930 6
2931 7
2932 7
2933 8
2934 9
2935 9
2936 10
2937 10
2938 11
2939 12
2940 12
2941 13
2942 14
2943 15
2944 15
------------------------
--------Page 368-----------
2945 1
2946 2
2947 3
2948 3
2949 4
2950 5
2951 6
2952 6
2953 7
2954 8
2955 9
2956 10
2957 10
2958 11
2959 12
2960 13
2961 14
2962 14
2963 15
2964 15
------------------------
--------Page 369-----------
2965 1
2966 2
2967 3
2968 3
2969 5
2970 5
2971 6
2972 6
2973 7
2974 8
2975 9
2976 10
2977 11
2978 12
2979 12
2980 13
2981 13
2982 13
2983 14
2984 14
2985 15
2986 15
------------------------
--------Page 370-----------
2987 1
2988 2
2989 3
2990 4
2991 4
2992 5
2993 6
2994 6
2995 7
2996 7
2997 8
2998 9
2999 9
3000 10
3001 11
3002 11
3003 12
3004 12
3005 13
3006 13
3007 14
3008 15
3009 15
------------------------
--------Page 371-----------
3010 1
3011 2
3012 2
3013 3
3014 3
3015 4
3016 4
3017 5
3018 5
3019 6
3020 6
3021 7
3022 7
3023 8
3024 8
3025 9
3026 9
3027 9
3028 10
3029 11
3030 11
3031 12
3032 12
3033 13
3034 13
3035 14
3036 15
3037 15
------------------------
--------Page 372-----------
3038 1
3039 2
3040 2
3041 3
3042 3
3043 4
3044 5
3045 5
3046 6
3047 7
3048 7
3049 8
3050 8
3051 9
3052 9
3053 10
3054 11
3055 11
3056 12
3057 12
3058 13
3059 13
3060 14
3061 14
3062 15
------------------------
--------Page 373-----------
3063 1
3064 1
3065 2
3066 3
3067 3
3068 4
3069 4
3070 5
3071 6
3072 6
3073 7
3074 7
3075 8
3076 8
3077 9
3078 10
3079 10
3080 11
3081 12
3082 13
3083 14
3084 15
3085 15
------------------------
--------Page 374-----------
3086 1
3087 2
3088 2
3089 2
3090 3
3091 4
3092 5
3093 6
3094 6
3095 7
3096 7
3097 8
3098 8
3099 9
3100 10
3101 10
3102 11
3103 11
3104 12
3105 12
3106 13
3107 14
3108 14
3109 15
------------------------
--------Page 375-----------
3110 1
3111 2
3112 3
3113 4
3114 4
3115 5
3116 6
3117 7
3118 7
3119 8
3120 8
3121 9
3122 9
3123 10
3124 11
3125 11
3126 12
3127 13
3128 13
3129 14
3130 14
3131 15
3132 15
------------------------
--------Page 376-----------
3133 1
3134 2
3135 3
3136 3
3137 4
3138 4
3139 5
3140 6
3141 7
3142 7
3143 8
3144 8
3145 9
3146 9
3147 10
3148 11
3149 11
3150 12
3151 13
3152 13
3153 15
------------------------
--------Page 377-----------
3154 3
3155 4
3156 5
3157 6
3158 7
3159 7
3160 9
3161 10
3162 10
3163 12
3164 13
3165 15
3166 15
------------------------
--------Page 378-----------
3167 2
3168 3
3169 5
3170 7
3171 9
3172 11
3173 13
3174 14
3175 15
------------------------
--------Page 379-----------
3176 2
3177 4
3178 5
3179 6
3180 7
3181 8
3182 9
3183 10
3184 10
3185 12
3186 12
3187 13
3188 14
3189 15
------------------------
--------Page 380-----------
3190 2
3191 3
3192 4
3193 6
3194 9
3195 10
3196 12
3197 13
3198 14
3199 15
------------------------
--------Page 381-----------
3200 2
3201 4
3202 5
3203 6
3204 8
3205 9
3206 11
3207 12
3208 13
3209 14
3210 15
------------------------
--------Page 382-----------
3211 2
3212 3
3213 4
3214 5
3215 8
3216 11
3217 13
3218 15
------------------------
--------Page 383-----------
3219 2
3220 4
3221 5
3222 6
3223 7
3224 8
3225 9
3226 10
3227 11
3228 12
3229 13
3230 14
3231 15
------------------------
--------Page 384-----------
3232 1
3233 2
3234 3
3235 4
3236 5
3237 7
3238 8
3239 9
3240 10
3241 12
3242 14
3243 15
------------------------
--------Page 385-----------
3244 1
3245 3
3246 4
3247 6
3248 7
3249 10
3250 11
3251 14
3252 15
------------------------
--------Page 386-----------
3253 2
3254 4
3255 6
3256 8
3257 10
3258 11
3259 13
3260 15
------------------------
--------Page 387-----------
3261 2
3262 6
3263 7
3264 8
3265 10
3266 13
3267 14
3268 15
------------------------
--------Page 388-----------
3269 2
3270 3
3271 5
3272 6
3273 9
3274 10
3275 14
3276 15
------------------------
--------Page 389-----------
3277 3
3278 6
3279 8
3280 11
3281 12
3282 13
3283 15
------------------------
--------Page 390-----------
3284 2
3285 4
3286 7
3287 9
3288 10
3289 12
3290 13
3291 15
------------------------
--------Page 391-----------
3292 2
3293 4
3294 6
3295 9
3296 11
3297 13
3298 15
------------------------
--------Page 392-----------
3299 1
3300 2
3301 4
3302 5
3303 7
3304 8
3305 11
3306 13
3307 15
------------------------
--------Page 393-----------
3308 2
3309 4
3310 5
3311 7
3312 8
3313 9
3314 10
3315 11
3316 13
3317 14
3318 15
------------------------
--------Page 394-----------
3319 2
3320 5
3321 7
3322 8
3323 10
3324 13
3325 15
------------------------
--------Page 395-----------
3326 3
3327 5
3328 7
3329 9
3330 12
3331 13
3332 15
------------------------
--------Page 396-----------
3333 2
3334 4
3335 6
3336 7
3337 11
3338 12
3339 13
3340 14
3341 15
------------------------
--------Page 397-----------
3342 2
3343 4
3344 5
3345 8
3346 9
3347 12
3348 13
3349 15
------------------------
--------Page 398-----------
3350 1
3351 3
3352 6
3353 8
3354 9
3355 11
3356 12
3357 14
3358 15
------------------------
--------Page 399-----------
3359 2
3360 6
3361 7
3362 10
3363 12
3364 13
3365 15
3366 15
------------------------
--------Page 400-----------
3367 2
3368 4
3369 7
3370 8
3371 9
3372 11
3373 13
3374 15
------------------------
--------Page 401-----------
3375 2
3376 6
3377 9
3378 10
3379 11
3380 13
3381 15
------------------------
--------Page 402-----------
3382 3
3383 6
3384 8
3385 9
3386 11
3387 13
3388 15
------------------------
--------Page 403-----------
3389 2
3390 3
3391 4
3392 5
3393 6
3394 8
3395 9
3396 10
3397 12
3398 13
3399 15
------------------------
--------Page 404-----------
3400 2
3401 3
3402 4
3403 6
3404 8
3405 9
3406 12
3407 13
3408 14
3409 15
------------------------
--------Page 405-----------
3410 1
3411 3
3412 5
3413 9
3414 11
3415 11
3416 12
3417 13
3418 14
3419 15
------------------------
--------Page 406-----------
3420 2
3421 3
3422 4
3423 5
3424 7
3425 9
3426 11
3427 13
3428 15
------------------------
--------Page 407-----------
3429 2
3430 3
3431 5
3432 9
3433 10
3434 13
3435 14
3436 15
------------------------
--------Page 408-----------
3437 2
3438 3
3439 4
3440 6
3441 7
3442 9
3443 11
3444 14
3445 15
------------------------
--------Page 409-----------
3446 2
3447 3
3448 4
3449 6
3450 8
3451 10
3452 12
3453 13
3454 15
------------------------
--------Page 410-----------
3455 1
3456 3
3457 4
3458 6
3459 7
3460 8
3461 10
3462 11
3463 14
3464 14
3465 15
------------------------
--------Page 411-----------
3466 3
3467 4
3468 5
3469 6
3470 8
3471 9
3472 10
3473 11
3474 14
3475 15
------------------------
--------Page 412-----------
3476 2
3477 4
3478 6
3479 9
3480 11
3481 13
3482 14
3483 15
------------------------
--------Page 413-----------
3484 3
3485 5
3486 7
3487 8
3488 9
3489 11
3490 12
3491 14
3492 15
------------------------
--------Page 414-----------
3493 3
3494 5
3495 7
3496 9
3497 13
3498 15
------------------------
--------Page 415-----------
3499 3
3500 5
3501 7
3502 9
3503 10
3504 11
3505 11
3506 13
3507 14
3508 14
3509 15
------------------------
--------Page 416-----------
3510 2
3511 4
3512 6
3513 8
3514 10
3515 11
3516 12
3517 13
3518 15
------------------------
--------Page 417-----------
3519 2
3520 3
3521 5
3522 7
3523 8
3524 10
3525 12
3526 13
3527 15
3528 15
------------------------
--------Page 418-----------
3529 4
3530 5
3531 6
3532 9
3533 12
3534 15
------------------------
--------Page 419-----------
3535 2
3536 3
3537 6
3538 8
3539 9
3540 10
3541 13
3542 14
3543 15
------------------------
--------Page 420-----------
3544 2
3545 4
3546 5
3547 9
3548 12
3549 13
3550 15
------------------------
--------Page 421-----------
3551 2
3552 4
3553 6
3554 8
3555 10
3556 12
3557 13
3558 15
------------------------
--------Page 422-----------
3559 2
3560 4
3561 8
3562 9
3563 15
------------------------
--------Page 423-----------
3564 3
3565 7
3566 9
3567 11
3568 12
3569 13
3570 14
3571 15
------------------------
--------Page 424-----------
3572 1
3573 2
3574 3
3575 4
3576 5
3577 8
3578 15
------------------------
--------Page 425-----------
3579 4
3580 7
3581 14
3582 15
------------------------
--------Page 426-----------
3583 3
3584 5
3585 7
3586 8
3587 11
3588 13
3589 14
3590 15
------------------------
--------Page 427-----------
3591 2
3592 3
3593 3
3594 5
3595 6
3596 7
3597 8
3598 9
3599 11
3600 13
3601 15
------------------------
--------Page 428-----------
3602 4
3603 6
3604 9
3605 11
3606 12
3607 14
3608 15
------------------------
--------Page 429-----------
3609 2
3610 5
3611 6
3612 8
3613 10
3614 13
3615 15
------------------------
--------Page 430-----------
3616 2
3617 4
3618 5
3619 7
3620 10
3621 11
3622 13
3623 15
------------------------
--------Page 431-----------
3624 2
3625 4
3626 5
3627 6
3628 8
3629 9
3630 10
3631 11
3632 15
------------------------
--------Page 432-----------
3633 2
3634 6
3635 7
3636 8
3637 10
3638 12
3639 13
3640 15
------------------------
--------Page 433-----------
3641 2
3642 3
3643 5
3644 8
3645 9
3646 11
3647 13
3648 15
3649 15
------------------------
--------Page 434-----------
3650 1
3651 3
3652 4
3653 5
3654 6
3655 7
3656 12
3657 13
3658 15
------------------------
--------Page 435-----------
3659 2
3660 3
3661 4
3662 6
3663 8
3664 10
3665 12
3666 15
------------------------
--------Page 436-----------
3667 4
3668 7
3669 9
3670 11
3671 11
3672 12
3673 15
------------------------
--------Page 437-----------
3674 1
3675 1
3676 2
3677 4
3678 4
3679 5
3680 7
3681 8
3682 10
3683 12
3684 14
3685 15
------------------------
--------Page 438-----------
3686 2
3687 5
3688 6
3689 8
3690 9
3691 11
3692 14
3693 15
------------------------
--------Page 439-----------
3694 3
3695 6
3696 8
3697 10
3698 12
3699 15
------------------------
--------Page 440-----------
3700 3
3701 6
3702 6
3703 7
3704 7
3705 8
3706 9
3707 10
3708 11
3709 12
3710 14
3711 15
------------------------
--------Page 441-----------
3712 1
3713 3
3714 4
3715 5
3716 6
3717 7
3718 8
3719 9
3720 10
3721 11
3722 13
3723 13
3724 14
3725 15
3726 15
------------------------
--------Page 442-----------
3727 2
3728 2
3729 4
3730 5
3731 5
3732 7
3733 8
3734 9
3735 11
3736 12
3737 13
3738 14
3739 15
------------------------
--------Page 443-----------
3740 1
3741 2
3742 3
3743 3
3744 4
3745 6
3746 8
3747 9
3748 10
3749 11
3750 12
3751 13
3752 14
3753 15
------------------------
--------Page 444-----------
3754 1
3755 2
3756 3
3757 3
3758 4
3759 5
3760 6
3761 7
3762 8
3763 8
3764 10
3765 11
3766 12
3767 13
3768 14
3769 15
------------------------
--------Page 445-----------
3770 2
3771 3
3772 4
3773 5
3774 6
3775 7
3776 8
3777 9
3778 10
3779 12
3780 13
3781 14
3782 15
------------------------
--------Page 446-----------
3783 3
3784 3
3785 3
3786 4
3787 4
3788 5
3789 5
3790 6
3791 7
3792 7
3793 8
3794 9
3795 9
3796 10
3797 10
3798 11
3799 11
3800 12
3801 12
3802 13
3803 13
3804 14
3805 15
3806 15
------------------------
--------Page 447-----------
3807 1
3808 1
3809 2
3810 2
3811 3
3812 4
3813 4
3814 5
3815 6
3816 6
3817 7
3818 8
3819 8
3820 9
3821 9
3822 10
3823 10
3824 11
3825 11
3826 11
3827 12
3828 12
3829 13
3830 14
3831 14
3832 15
3833 15
------------------------
--------Page 448-----------
3834 1
3835 2
3836 2
3837 3
3838 3
3839 4
3840 4
3841 5
3842 5
3843 6
3844 7
3845 7
3846 8
3847 8
3848 9
3849 10
3850 10
3851 11
3852 11
3853 12
3854 13
3855 13
3856 14
3857 15
3858 15
------------------------
--------Page 449-----------
3859 1
3860 1
3861 2
3862 2
3863 3
3864 3
3865 4
3866 4
3867 5
3868 5
3869 6
3870 6
3871 7
3872 7
3873 8
3874 8
3875 9
3876 9
3877 9
3878 10
3879 11
3880 11
3881 12
3882 12
3883 13
3884 15
------------------------
--------Page 450-----------
3885 1
3886 1
3887 2
3888 3
3889 3
3890 4
3891 4
3892 5
3893 5
3894 6
3895 7
3896 8
3897 9
3898 9
3899 10
3900 10
3901 11
3902 12
3903 12
3904 13
3905 13
3906 14
3907 15
3908 15
------------------------
--------Page 451-----------
3909 1
3910 1
3911 2
3912 2
3913 3
3914 3
3915 4
3916 4
3917 5
3918 5
3919 6
3920 6
3921 7
3922 7
3923 8
3924 8
3925 9
3926 10
3927 10
3928 11
3929 12
3930 12
3931 13
3932 14
3933 14
3934 15
3935 15
------------------------
--------Page 452-----------
3936 1
3937 1
3938 2
3939 2
3940 3
3941 4
3942 4
3943 5
3944 5
3945 6
3946 6
3947 7
3948 7
3949 8
3950 8
3951 9
3952 9
3953 10
3954 10
3955 11
3956 11
3957 12
3958 12
3959 13
3960 13
3961 14
3962 15
3963 15
3964 15
------------------------
--------Page 453-----------
3965 3
3966 4
3967 5
3968 6
3969 7
3970 8
3971 9
3972 10
3973 11
3974 12
3975 12
3976 13
3977 14
3978 15
3979 15
------------------------
--------Page 454-----------
3980 1
3981 2
3982 3
3983 4
3984 5
3985 7
3986 8
3987 11
3988 12
3989 15
------------------------
--------Page 455-----------
3990 2
3991 3
3992 5
3993 6
3994 6
3995 7
3996 8
3997 9
3998 10
3999 11
4000 12
4001 12
4002 13
4003 14
4004 15
4005 15
------------------------
--------Page 456-----------
4006 1
4007 3
4008 4
4009 4
4010 5
4011 6
4012 7
4013 7
4014 8
4015 9
4016 9
4017 10
4018 10
4019 11
4020 12
4021 12
4022 13
4023 14
4024 15
------------------------
--------Page 457-----------
4025 1
4026 2
4027 3
4028 3
4029 4
4030 5
4031 5
4032 6
4033 6
4034 7
4035 8
4036 9
4037 9
4038 11
4039 11
4040 12
4041 12
4042 13
4043 14
4044 14
4045 15
4046 15
------------------------
--------Page 458-----------
4047 2
4048 2
4049 3
4050 3
4051 6
4052 7
4053 10
4054 11
4055 12
4056 15
------------------------
--------Page 459-----------
4057 4
4058 7
4059 10
4060 13
4061 15
------------------------
--------Page 460-----------
4062 2
4063 3
4064 5
4065 6
4066 9
4067 10
4068 12
4069 12
4070 15
------------------------
--------Page 461-----------
4071 2
4072 6
4073 7
4074 9
4075 10
4076 11
4077 12
4078 14
4079 15
4080 15
------------------------
--------Page 462-----------
4081 2
4082 3
4083 4
4084 6
4085 9
4086 13
4087 15
------------------------
--------Page 463-----------
4088 3
4089 6
4090 7
4091 9
4092 11
4093 13
4094 15
------------------------
--------Page 464-----------
4095 2
4096 4
4097 5
4098 7
4099 8
4100 11
4101 12
4102 14
4103 15
------------------------
--------Page 465-----------
4104 1
4105 2
4106 4
4107 5
4108 7
4109 8
4110 9
4111 10
4112 12
4113 13
4114 15
------------------------
--------Page 466-----------
4115 2
4116 4
4117 5
4118 9
4119 11
4120 13
4121 15
------------------------
--------Page 467-----------
4122 2
4123 5
4124 7
4125 8
4126 11
4127 12
4128 15
------------------------
--------Page 468-----------
4129 3
4130 4
4131 6
4132 8
4133 10
4134 11
4135 12
4136 14
4137 15
------------------------
--------Page 469-----------
4138 2
4139 3
4140 4
4141 4
4142 6
4143 9
4144 11
4145 12
4146 13
4147 15
------------------------
--------Page 470-----------
4148 2
4149 4
4150 8
4151 11
4152 12
4153 13
4154 14
4155 15
------------------------
--------Page 471-----------
4156 4
4157 6
4158 7
4159 10
4160 11
4161 13
4162 15
------------------------
--------Page 472-----------
4163 1
4164 3
4165 5
4166 7
4167 8
4168 10
4169 12
4170 14
4171 15
------------------------
--------Page 473-----------
4172 2
4173 4
4174 5
4175 6
4176 7
4177 9
4178 12
4179 13
4180 15
------------------------
--------Page 474-----------
4181 2
4182 4
4183 6
4184 7
4185 8
4186 12
4187 13
4188 15
------------------------
--------Page 475-----------
4189 4
4190 5
4191 6
4192 7
4193 8
4194 9
4195 11
4196 13
4197 14
4198 15
------------------------
--------Page 476-----------
4199 4
4200 5
4201 7
4202 8
4203 10
4204 12
4205 14
4206 15
------------------------
--------Page 477-----------
4207 3
4208 4
4209 5
4210 6
4211 8
4212 9
4213 10
4214 12
4215 14
4216 15
------------------------
--------Page 478-----------
4217 3
4218 4
4219 6
4220 8
4221 11
4222 12
4223 13
4224 14
4225 15
------------------------
--------Page 479-----------
4226 2
4227 4
4228 6
4229 7
4230 9
4231 11
4232 12
4233 13
4234 15
------------------------
--------Page 480-----------
4235 3
4236 5
4237 5
4238 7
4239 9
4240 10
4241 11
4242 14
4243 15
------------------------
--------Page 481-----------
4244 3
4245 5
4246 6
4247 7
4248 8
4249 12
4250 14
4251 15
------------------------
--------Page 482-----------
4252 3
4253 4
4254 6
4255 9
4256 11
4257 12
4258 14
4259 15
------------------------
--------Page 483-----------
4260 4
4261 5
4262 7
4263 8
4264 11
4265 12
4266 14
4267 15
------------------------
--------Page 484-----------
4268 3
4269 4
4270 8
4271 11
4272 15
------------------------
--------Page 485-----------
4273 2
4274 4
4275 6
4276 7
4277 10
4278 12
4279 15
------------------------
--------Page 486-----------
4280 3
4281 5
4282 7
4283 9
4284 10
4285 11
4286 13
4287 14
4288 15
------------------------
--------Page 487-----------
4289 2
4290 3
4291 4
4292 6
4293 7
4294 8
4295 9
4296 10
4297 11
4298 13
4299 14
4300 15
------------------------
--------Page 488-----------
4301 4
4302 5
4303 7
4304 10
4305 12
4306 13
4307 15
------------------------
--------Page 489-----------
4308 3
4309 4
4310 7
4311 8
4312 9
4313 10
4314 11
4315 11
4316 12
4317 14
4318 15
------------------------
--------Page 490-----------
4319 2
4320 3
4321 5
4322 6
4323 7
4324 8
4325 9
4326 10
4327 12
4328 13
4329 14
4330 15
------------------------
--------Page 491-----------
4331 2
4332 4
4333 5
4334 6
4335 6
4336 7
4337 8
4338 9
4339 10
4340 13
4341 15
------------------------
--------Page 492-----------
4342 1
4343 3
4344 4
4345 5
4346 6
4347 7
4348 8
4349 9
4350 10
4351 11
4352 12
4353 13
4354 15
4355 15
------------------------
--------Page 493-----------
4356 2
4357 3
4358 4
4359 6
4360 6
4361 7
4362 8
4363 9
4364 10
4365 11
4366 12
4367 13
4368 14
4369 15
------------------------
--------Page 494-----------
4370 2
4371 2
4372 4
4373 5
4374 7
4375 8
4376 9
4377 10
4378 11
4379 12
4380 14
4381 15
4382 15
------------------------
--------Page 495-----------
4383 1
4384 2
4385 2
4386 3
4387 4
4388 5
4389 6
4390 7
4391 8
4392 9
4393 10
4394 11
4395 13
4396 14
4397 15
4398 15
------------------------
--------Page 496-----------
4399 3
4400 4
4401 4
4402 5
4403 6
4404 7
4405 8
4406 8
4407 9
4408 10
4409 10
4410 11
4411 12
4412 13
4413 13
4414 14
4415 15
------------------------
--------Page 497-----------
4416 1
4417 2
4418 2
4419 3
4420 4
4421 4
4422 5
4423 5
4424 6
4425 6
4426 7
4427 8
4428 9
4429 10
4430 10
4431 12
4432 12
4433 14
4434 14
4435 15
------------------------
--------Page 498-----------
4436 1
4437 2
4438 3
4439 3
4440 4
4441 5
4442 6
4443 7
4444 7
4445 8
4446 9
4447 9
4448 10
4449 11
4450 12
4451 13
4452 14
4453 15
4454 15
------------------------
--------Page 499-----------
4455 3
4456 4
4457 5
4458 6
4459 8
4460 8
4461 9
4462 10
4463 12
4464 13
4465 14
4466 15
------------------------
--------Page 500-----------
4467 2
4468 3
4469 5
4470 7
4471 9
4472 10
4473 11
4474 14
4475 15
------------------------
--------Page 501-----------
4476 3
4477 4
4478 6
4479 7
4480 8
4481 10
4482 11
4483 12
4484 14
4485 15
------------------------
--------Page 502-----------
4486 1
4487 3
4488 4
4489 5
4490 6
4491 9
4492 11
4493 14
4494 15
------------------------
--------Page 503-----------
4495 1
4496 3
4497 5
4498 7
4499 9
4500 11
4501 13
4502 14
4503 15
------------------------
--------Page 504-----------
4504 5
4505 7
4506 10
4507 12
4508 13
4509 15
------------------------
--------Page 505-----------
4510 3
4511 4
4512 5
4513 7
4514 9
4515 12
4516 13
4517 15
------------------------
--------Page 506-----------
4518 3
4519 5
4520 6
4521 8
4522 10
4523 12
4524 15
------------------------
--------Page 507-----------
4525 3
4526 5
4527 6
4528 8
4529 10
4530 10
4531 10
4532 11
4533 12
4534 13
4535 14
4536 15
------------------------
--------Page 508-----------
4537 3
4538 4
4539 5
4540 9
4541 11
4542 12
4543 14
4544 15
------------------------
--------Page 509-----------
4545 3
4546 5
4547 6
4548 7
4549 8
4550 10
4551 11
4552 13
4553 14
4554 15
------------------------
--------Page 510-----------
4555 2
4556 3
4557 6
4558 7
4559 8
4560 10
4561 11
4562 12
4563 15
------------------------
--------Page 511-----------
4564 3
4565 4
4566 5
4567 7
4568 9
4569 12
4570 13
4571 14
4572 15
------------------------
--------Page 512-----------
4573 3
4574 7
4575 9
4576 10
4577 12
4578 15
------------------------
--------Page 513-----------
4579 3
4580 6
4581 8
4582 9
4583 12
4584 13
4585 14
4586 15
------------------------
--------Page 514-----------
4587 2
4588 7
4589 10
4590 14
4591 15
------------------------
--------Page 515-----------
4592 6
4593 10
4594 12
4595 14
4596 15
------------------------
--------Page 516-----------
4597 2
4598 3
4599 6
4600 7
4601 10
4602 12
4603 15
------------------------
--------Page 517-----------
4604 4
4605 6
4606 8
4607 11
4608 12
4609 14
4610 15
------------------------
--------Page 518-----------
4611 3
4612 4
4613 5
4614 6
4615 6
4616 8
4617 9
4618 10
4619 11
4620 11
4621 12
4622 13
4623 14
4624 14
4625 15
------------------------
--------Page 519-----------
4626 2
4627 3
4628 3
4629 4
4630 5
4631 5
4632 6
4633 7
4634 7
4635 8
4636 9
4637 10
4638 11
4639 11
4640 12
4641 13
4642 13
4643 14
4644 15
4645 15
------------------------
--------Page 520-----------
4646 2
4647 3
4648 5
4649 6
4650 7
4651 7
4652 8
4653 9
4654 10
4655 11
4656 14
4657 14
4658 14
4659 15
4660 15
4661 15
------------------------
--------Page 521-----------
4662 1
4663 1
4664 2
4665 2
4666 2
4667 3
4668 3
4669 4
4670 4
4671 5
4672 6
4673 6
4674 7
4675 8
4676 8
4677 9
4678 10
4679 10
4680 11
4681 12
4682 12
4683 13
4684 14
4685 15
------------------------
--------Page 522-----------
4686 1
4687 2
4688 2
4689 3
4690 3
4691 4
4692 5
4693 6
4694 6
4695 7
4696 8
4697 8
4698 9
4699 10
4700 11
4701 12
4702 12
4703 13
4704 14
4705 14
4706 15
------------------------
--------Page 523-----------
4707 2
4708 2
4709 3
4710 3
4711 4
4712 5
4713 5
4714 7
4715 7
4716 10
4717 10
4718 11
4719 11
4720 11
4721 12
4722 12
4723 13
4724 13
4725 13
4726 14
4727 15
------------------------
--------Page 524-----------
4728 1
4729 2
4730 3
4731 4
4732 5
4733 6
4734 8
4735 8
4736 9
4737 10
4738 11
4739 11
4740 12
4741 13
4742 14
4743 15
4744 15
------------------------
--------Page 525-----------
4745 1
4746 2
4747 3
4748 3
4749 4
4750 5
4751 6
4752 7
4753 8
4754 8
4755 9
4756 10
4757 11
4758 12
4759 12
4760 14
4761 15
4762 15
------------------------
--------Page 526-----------
4763 3
4764 3
4765 4
4766 4
4767 4
4768 5
4769 5
4770 5
4771 6
4772 6
4773 7
4774 7
4775 7
4776 8
4777 8
4778 9
4779 9
4780 10
4781 10
4782 10
4783 11
4784 11
4785 13
4786 14
4787 14
4788 15
------------------------
--------Page 527-----------
4789 1
4790 4
4791 5
4792 7
4793 10
4794 10
4795 10
4796 11
4797 12
4798 12
4799 12
4800 13
4801 13
4802 14
4803 14
4804 15
4805 15
------------------------
--------Page 528-----------
4806 1
4807 1
4808 2
4809 2
4810 3
4811 3
4812 4
4813 4
4814 5
4815 5
4816 6
4817 6
4818 6
4819 7
4820 8
4821 8
4822 8
4823 9
4824 12
4825 13
4826 13
4827 14
4828 15
4829 15
------------------------
--------Page 529-----------
4830 1
4831 2
4832 3
4833 4
4834 4
4835 5
4836 6
4837 7
4838 7
4839 8
4840 8
4841 9
4842 10
4843 11
4844 11
4845 12
4846 12
4847 13
4848 14
4849 14
4850 15
------------------------
--------Page 530-----------
4851 1
4852 2
4853 2
4854 3
4855 4
4856 4
4857 5
4858 6
4859 7
4860 8
4861 8
4862 9
4863 9
4864 10
4865 11
4866 12
4867 12
4868 13
4869 13
4870 14
4871 15
4872 15
------------------------
--------Page 531-----------
4873 1
4874 2
4875 2
4876 3
4877 4
4878 4
4879 7
4880 7
4881 8
4882 8
4883 9
4884 9
4885 10
4886 11
4887 11
4888 12
4889 12
4890 13
4891 14
4892 14
4893 15
4894 15
------------------------
--------Page 532-----------
4895 1
4896 1
4897 2
4898 2
4899 3
4900 3
4901 4
4902 4
4903 5
4904 5
4905 6
4906 7
4907 7
4908 8
4909 10
4910 10
4911 11
4912 11
4913 12
4914 12
4915 13
4916 14
4917 14
4918 15
------------------------
--------Page 533-----------
4919 1
4920 2
4921 2
4922 3
4923 3
4924 4
4925 4
4926 4
4927 5
4928 5
4929 6
4930 6
4931 7
4932 8
4933 9
4934 9
4935 10
4936 10
4937 11
4938 12
4939 12
4940 13
4941 13
4942 13
4943 14
4944 14
4945 15
4946 15
------------------------
--------Page 534-----------
4947 1
4948 1
4949 2
4950 3
4951 3
4952 4
4953 5
4954 5
4955 6
4956 9
4957 9
4958 9
4959 10
4960 10
4961 11
4962 11
4963 11
4964 12
4965 12
4966 13
4967 13
4968 13
4969 14
4970 14
4971 14
4972 15
4973 15
------------------------
--------Page 535-----------
4974 1
4975 2
4976 2
4977 3
4978 3
4979 3
4980 4
4981 4
4982 5
4983 5
4984 6
4985 6
4986 6
4987 7
4988 7
4989 7
4990 8
4991 8
4992 8
4993 9
4994 9
4995 9
4996 10
4997 10
4998 10
4999 11
5000 11
5001 11
5002 12
5003 12
5004 13
5005 14
5006 14
5007 15
5008 15
------------------------
--------Page 536-----------
5009 1
5010 1
5011 2
5012 2
5013 3
5014 3
5015 4
5016 4
5017 5
5018 5
5019 6
5020 7
5021 8
5022 8
5023 9
5024 9
5025 10
5026 10
5027 11
5028 12
5029 12
5030 13
5031 14
5032 14
5033 15
5034 15
------------------------
--------Page 537-----------
5035 1
5036 1
5037 2
5038 2
5039 3
5040 3
5041 4
5042 4
5043 5
5044 5
5045 6
5046 6
5047 7
5048 8
5049 8
5050 9
5051 9
5052 9
5053 10
5054 10
5055 13
5056 14
5057 15
------------------------
--------Page 538-----------
5058 4
5059 4
5060 6
5061 7
5062 9
5063 11
5064 14
5065 15
------------------------
--------Page 539-----------
5066 3
5067 8
5068 10
5069 13
5070 14
5071 15
------------------------
--------Page 540-----------
5072 3
5073 7
5074 10
5075 12
5076 14
5077 15
------------------------
--------Page 541-----------
5078 4
5079 6
5080 11
5081 13
5082 15
------------------------
--------Page 542-----------
5083 4
5084 7
5085 9
5086 12
5087 14
5088 15
------------------------
--------Page 543-----------
5089 4
5090 8
5091 10
5092 12
5093 15
------------------------
--------Page 544-----------
5094 3
5095 5
5096 7
5097 8
5098 9
5099 10
5100 12
5101 14
5102 15
5103 15
------------------------
--------Page 545-----------
5104 6
5105 10
5106 14
5107 15
------------------------
--------Page 546-----------
5108 2
5109 3
5110 6
5111 9
5112 12
5113 15
------------------------
--------Page 547-----------
5114 3
5115 6
5116 8
5117 10
5118 12
5119 14
5120 15
------------------------
--------Page 548-----------
5121 2
5122 4
5123 5
5124 7
5125 9
5126 11
5127 13
5128 15
------------------------
--------Page 549-----------
5129 7
5130 8
5131 10
5132 14
5133 15
------------------------
--------Page 550-----------
5134 2
5135 3
5136 5
5137 8
5138 13
5139 15
------------------------
--------Page 551-----------
5140 4
5141 6
5142 9
5143 10
5144 11
5145 13
5146 15
------------------------
--------Page 552-----------
5147 3
5148 4
5149 6
5150 7
5151 8
5152 9
5153 11
5154 12
5155 15
------------------------
--------Page 553-----------
5156 4
5157 6
5158 7
5159 8
5160 10
5161 12
5162 13
5163 15
------------------------
--------Page 554-----------
5164 2
5165 4
5166 6
5167 10
5168 12
5169 13
5170 15
------------------------
--------Page 555-----------
5171 2
5172 4
5173 7
5174 9
5175 12
5176 14
5177 15
------------------------
--------Page 556-----------
5178 4
5179 5
5180 6
5181 7
5182 9
5183 10
5184 12
5185 13
5186 15
------------------------
--------Page 557-----------
5187 2
5188 4
5189 6
5190 7
5191 9
5192 11
5193 13
5194 15
5195 15
------------------------
--------Page 558-----------
5196 6
5197 11
5198 14
5199 15
------------------------
--------Page 559-----------
5200 4
5201 6
5202 8
5203 8
5204 9
5205 10
5206 13
5207 15
------------------------
--------Page 560-----------
5208 4
5209 5
5210 7
5211 10
5212 12
5213 14
5214 15
------------------------
--------Page 561-----------
5215 5
5216 7
5217 10
5218 13
5219 15
------------------------
--------Page 562-----------
5220 3
5221 4
5222 6
5223 7
5224 9
5225 9
5226 10
5227 11
5228 12
5229 13
5230 14
5231 14
5232 15
------------------------
--------Page 563-----------
5233 1
5234 2
5235 3
5236 4
5237 6
5238 6
5239 8
5240 9
5241 10
5242 12
5243 13
5244 14
5245 15
5246 15
------------------------
--------Page 564-----------
5247 2
5248 3
5249 4
5250 5
5251 8
5252 8
5253 9
5254 9
5255 10
5256 10
5257 11
5258 11
5259 12
5260 12
5261 13
5262 13
5263 14
5264 14
5265 15
5266 15
------------------------
--------Page 565-----------
5267 1
5268 2
5269 2
5270 3
5271 3
5272 4
5273 4
5274 5
5275 5
5276 6
5277 6
5278 7
5279 7
5280 8
5281 8
5282 9
5283 10
5284 10
5285 11
5286 11
5287 12
5288 12
5289 13
5290 14
5291 14
5292 15
------------------------
--------Page 566-----------
5293 2
5294 3
5295 3
5296 4
5297 4
5298 6
5299 7
5300 7
5301 9
5302 9
5303 12
5304 12
5305 13
5306 13
5307 14
5308 15
5309 15
------------------------
--------Page 567-----------
5310 1
5311 2
5312 3
5313 3
5314 4
5315 5
5316 5
5317 6
5318 7
5319 7
5320 8
5321 9
5322 9
5323 9
5324 10
5325 10
5326 11
5327 11
5328 12
5329 12
5330 12
5331 13
5332 13
5333 13
5334 14
5335 14
5336 15
5337 15
------------------------
--------Page 568-----------
5338 1
5339 1
5340 2
5341 2
5342 2
5343 3
5344 3
5345 4
5346 4
5347 5
5348 5
5349 6
5350 6
5351 7
5352 7
5353 8
5354 8
5355 11
5356 11
5357 12
5358 13
5359 13
5360 14
5361 14
5362 15
5363 15
5364 15
------------------------
--------Page 569-----------
5365 1
5366 2
5367 2
5368 3
5369 3
5370 3
5371 4
5372 4
5373 4
5374 5
5375 5
5376 5
5377 6
5378 6
5379 7
5380 7
5381 8
5382 8
5383 9
5384 10
5385 10
5386 11
5387 11
5388 12
5389 12
5390 13
5391 14
5392 14
5393 15
5394 15
------------------------
--------Page 570-----------
5395 1
5396 2
5397 3
5398 4
5399 8
5400 8
5401 9
5402 10
5403 11
5404 12
5405 13
5406 14
5407 15
5408 15
------------------------
--------Page 571-----------
5409 1
5410 2
5411 2
5412 3
5413 4
5414 4
5415 5
5416 6
5417 6
5418 7
5419 8
5420 8
5421 9
5422 10
5423 10
5424 10
5425 12
5426 13
5427 14
5428 15
------------------------
--------Page 572-----------
5429 4
5430 4
5431 5
5432 6
5433 7
5434 8
5435 9
5436 10
5437 11
5438 12
5439 13
5440 14
5441 15
------------------------
--------Page 573-----------
5442 2
5443 2
5444 3
5445 4
5446 5
5447 6
5448 7
5449 7
5450 8
5451 10
5452 11
5453 12
5454 13
5455 14
5456 15
------------------------
--------Page 574-----------
5457 3
5458 3
5459 3
5460 4
5461 5
5462 5
5463 6
5464 6
5465 7
5466 8
5467 9
5468 9
5469 10
5470 11
5471 12
5472 13
5473 14
5474 14
5475 15
------------------------
--------Page 575-----------
5476 7
5477 10
5478 10
5479 10
5480 10
5481 11
5482 11
5483 11
5484 12
5485 12
5486 12
5487 13
5488 13
5489 14
5490 14
5491 14
5492 15
5493 15
5494 15
------------------------
--------Page 576-----------
5495 1
5496 1
5497 1
5498 1
5499 2
5500 2
5501 3
5502 3
5503 3
5504 4
5505 4
5506 4
5507 10
5508 10
5509 10
5510 10
5511 11
5512 11
5513 11
5514 12
5515 12
5516 13
5517 13
5518 13
5519 14
5520 14
5521 15
5522 15
5523 15
------------------------
--------Page 577-----------
5524 1
5525 2
5526 2
5527 2
5528 3
5529 4
5530 4
5531 4
5532 5
5533 8
5534 8
5535 9
5536 9
5537 10
5538 10
5539 11
5540 11
5541 11
5542 12
5543 12
5544 12
5545 13
5546 13
5547 14
5548 15
5549 15
5550 15
------------------------
--------Page 578-----------
5551 1
5552 1
5553 2
5554 2
5555 2
5556 3
5557 3
5558 3
5559 4
5560 4
5561 4
5562 5
5563 5
5564 6
5565 6
5566 6
5567 7
5568 7
5569 8
5570 9
5571 9
5572 12
5573 13
5574 14
5575 15
5576 15
------------------------
--------Page 579-----------
5577 1
5578 2
5579 3
5580 4
5581 4
5582 5
5583 6
5584 7
5585 7
5586 8
5587 9
5588 9
5589 10
5590 11
5591 11
5592 13
5593 13
5594 14
5595 15
5596 15
------------------------
--------Page 580-----------
5597 1
5598 2
5599 3
5600 4
5601 5
5602 6
5603 9
5604 9
5605 9
5606 10
5607 10
5608 10
5609 11
5610 11
5611 11
5612 12
5613 12
5614 12
5615 13
5616 13
5617 14
5618 14
5619 14
5620 15
5621 15
------------------------
--------Page 581-----------
5622 1
5623 1
5624 2
5625 2
5626 2
5627 3
5628 3
5629 4
5630 4
5631 5
5632 6
5633 6
5634 7
5635 7
5636 7
5637 8
5638 8
5639 9
5640 9
5641 10
5642 10
5643 11
5644 11
5645 12
5646 12
5647 13
5648 13
5649 14
5650 14
5651 15
5652 15
------------------------
--------Page 582-----------
5653 3
5654 3
5655 3
5656 4
5657 4
5658 4
5659 5
5660 5
5661 5
5662 6
5663 6
5664 7
5665 7
5666 8
5667 8
5668 9
5669 9
5670 10
5671 10
5672 11
5673 11
5674 12
5675 12
5676 13
5677 13
5678 13
5679 14
5680 14
5681 15
5682 15
------------------------
--------Page 583-----------
5683 1
5684 1
5685 1
5686 2
5687 2
5688 3
5689 4
5690 5
5691 6
5692 7
5693 10
5694 10
5695 10
5696 11
5697 11
5698 11
5699 12
5700 12
5701 12
5702 13
5703 13
5704 14
5705 14
5706 14
5707 15
5708 15
------------------------
--------Page 584-----------
5709 1
5710 1
5711 2
5712 2
5713 3
5714 3
5715 3
5716 4
5717 4
5718 5
5719 6
5720 6
5721 7
5722 7
5723 8
5724 8
5725 8
5726 9
5727 9
5728 10
5729 11
5730 11
5731 12
5732 12
5733 13
5734 14
5735 14
5736 14
5737 15
------------------------
--------Page 585-----------
5738 3
5739 3
5740 3
5741 4
5742 4
5743 4
5744 5
5745 5
5746 5
5747 5
5748 6
5749 6
5750 6
5751 7
5752 7
5753 7
5754 7
5755 8
5756 8
5757 8
5758 9
5759 9
5760 9
5761 10
5762 10
5763 11
5764 11
5765 11
5766 11
5767 12
5768 12
5769 12
5770 13
5771 13
5772 13
5773 14
5774 14
5775 15
5776 15
5777 15
------------------------
--------Page 586-----------
5778 1
5779 1
5780 4
5781 4
5782 5
5783 5
5784 5
5785 6
5786 6
5787 7
5788 7
5789 7
5790 8
5791 8
5792 9
5793 9
5794 9
5795 10
5796 10
5797 10
5798 11
5799 11
5800 12
5801 12
5802 12
5803 13
5804 13
5805 14
5806 14
5807 15
5808 15
------------------------
--------Page 587-----------
5809 3
5810 3
5811 4
5812 4
5813 5
5814 5
5815 6
5816 6
5817 7
5818 7
5819 8
5820 8
5821 8
5822 9
5823 9
5824 10
5825 10
5826 11
5827 11
5828 14
5829 14
5830 15
5831 15
------------------------
--------Page 588-----------
5832 1
5833 1
5834 2
5835 2
5836 2
5837 3
5838 3
5839 4
5840 4
5841 5
5842 6
5843 6
5844 7
5845 7
5846 8
5847 8
5848 8
5849 9
5850 9
5851 10
5852 10
5853 11
5854 12
5855 12
5856 13
5857 13
5858 14
5859 15
5860 15
------------------------
--------Page 589-----------
5861 1
5862 2
5863 2
5864 5
5865 5
5866 5
5867 6
5868 6
5869 7
5870 8
5871 8
5872 9
5873 9
5874 10
5875 10
5876 10
5877 11
5878 11
5879 12
5880 12
5881 12
5882 13
5883 13
5884 14
5885 14
5886 15
5887 15
------------------------
--------Page 590-----------
5888 1
5889 4
5890 4
5891 4
5892 5
5893 5
5894 6
5895 6
5896 7
5897 8
5898 10
5899 11
5900 12
5901 12
5902 12
5903 13
5904 13
5905 14
5906 14
5907 14
5908 15
5909 15
5910 15
------------------------
--------Page 591-----------
5911 3
5912 3
5913 3
5914 4
5915 4
5916 5
5917 5
5918 6
5919 6
5920 7
5921 7
5922 7
5923 8
5924 8
5925 9
5926 9
5927 12
5928 12
5929 13
5930 13
5931 13
5932 14
5933 14
5934 15
5935 15
5936 15
------------------------
--------Page 592-----------
5937 1
5938 1
5939 2
5940 2
5941 2
5942 3
5943 3
5944 4
5945 4
5946 7
5947 7
5948 8
5949 8
5950 8
5951 9
5952 9
5953 10
5954 10
5955 10
5956 11
5957 11
5958 11
5959 12
5960 12
5961 12
5962 13
5963 13
5964 14
5965 14
5966 15
5967 15
------------------------
--------Page 593-----------
5968 1
5969 1
5970 2
5971 2
5972 5
5973 5
5974 5
5975 5
5976 6
5977 6
5978 7
5979 7
5980 8
5981 8
5982 9
5983 9
5984 10
5985 10
5986 11
5987 11
5988 12
5989 12
5990 13
5991 13
5992 14
5993 14
5994 15
5995 15
------------------------
--------Page 594-----------
5996 1
5997 2
5998 2
5999 3
6000 3
6001 4
6002 4
6003 5
6004 8
6005 8
6006 8
6007 9
6008 10
6009 10
6010 10
6011 11
6012 11
6013 12
6014 12
6015 12
6016 13
6017 13
6018 13
6019 14
6020 15
6021 15
------------------------
--------Page 595-----------
6022 1
6023 1
6024 4
6025 4
6026 4
6027 5
6028 5
6029 6
6030 6
6031 7
6032 7
6033 7
6034 8
6035 8
6036 9
6037 9
6038 10
6039 10
6040 13
6041 13
6042 13
6043 14
6044 14
6045 14
6046 15
6047 15
6048 15
------------------------
--------Page 596-----------
6049 1
6050 1
6051 2
6052 2
6053 2
6054 3
6055 3
6056 4
6057 4
6058 5
6059 5
6060 5
6061 8
6062 8
6063 8
6064 9
6065 10
6066 10
6067 10
6068 11
6069 11
6070 12
6071 12
6072 15
6073 15
------------------------
--------Page 597-----------
6074 1
6075 1
6076 1
6077 2
6078 2
6079 2
6080 5
6081 5
6082 5
6083 6
6084 6
6085 7
6086 8
6087 8
6088 11
6089 11
6090 12
6091 12
6092 13
6093 13
6094 13
6095 14
6096 14
6097 15
6098 15
6099 15
------------------------
--------Page 598-----------
6100 1
6101 1
6102 1
6103 2
6104 2
6105 2
6106 3
6107 3
6108 6
6109 6
6110 7
6111 8
6112 8
6113 12
6114 12
6115 13
6116 14
6117 15
------------------------
--------Page 599-----------
6118 2
6119 3
6120 5
6121 8
6122 8
6123 9
6124 9
6125 9
6126 10
6127 11
6128 11
6129 14
6130 14
6131 15
6132 15
6133 15
------------------------
--------Page 600-----------
6134 1
6135 1
6136 2
6137 2
6138 3
6139 3
6140 6
6141 6
6142 7
6143 8
6144 8
6145 9
6146 9
6147 9
6148 10
6149 10
6150 13
6151 13
6152 13
6153 14
6154 14
6155 14
6156 15
6157 15
------------------------
--------Page 601-----------
6158 3
6159 3
6160 4
6161 7
6162 7
6163 8
6164 8
6165 9
6166 9
6167 10
6168 10
6169 10
6170 13
6171 14
6172 14
6173 15
6174 15
------------------------
--------Page 602-----------
6175 3
6176 3
6177 4
6178 5
6179 5
6180 8
6181 9
6182 9
6183 10
6184 10
6185 11
6186 14
6187 14
6188 15
------------------------
--------Page 603-----------
6189 3
6190 3
6191 4
6192 4
6193 5
6194 5
6195 8
6196 9
6197 10
6198 13
6199 13
6200 14
6201 14
6202 15
------------------------
--------Page 604-----------
6203 3
6204 3
6205 3
6206 4
6207 7
6208 7
6209 8
6210 8
6211 9
6212 12
6213 12
6214 13
6215 13
6216 14
6217 15
------------------------
Log: out/abu_amr/duri/raw.json written
Log: out/abu_amr/duri/pages.json written
Log: out/abu_amr/duri/verses.json written
Log: out/abu_amr/duri/chapters.json written
Log: out/abu_amr/duri/sections.json written
